[gd_scene load_steps=22 format=3 uid="uid://dr3rs27k1thwn"]

[ext_resource type="Script" uid="uid://ds015jldkradl" path="res://main.gd" id="1_ig7tw"]
[ext_resource type="AudioStream" uid="uid://c7xygtod3o8cy" path="res://assets/audio/ambiance.mp3" id="2_0xm2m"]
[ext_resource type="PackedScene" uid="uid://d3w68fj6vmwv7" path="res://things/station/station.tscn" id="3_h2yge"]

[sub_resource type="Gradient" id="Gradient_0xm2m"]
colors = PackedColorArray(0.054142177, 0.054142177, 0.05414214, 1, 0.12408299, 0.124082975, 0.124082945, 1)

[sub_resource type="FastNoiseLite" id="FastNoiseLite_h2yge"]
fractal_type = 3
domain_warp_enabled = true
domain_warp_amplitude = 90.0

[sub_resource type="NoiseTexture2D" id="NoiseTexture2D_1bvp3"]
noise = SubResource("FastNoiseLite_h2yge")
color_ramp = SubResource("Gradient_0xm2m")
seamless = true
normalize = false

[sub_resource type="StyleBoxTexture" id="StyleBoxTexture_lquwl"]
texture = SubResource("NoiseTexture2D_1bvp3")
axis_stretch_horizontal = 1
axis_stretch_vertical = 1

[sub_resource type="StyleBoxFlat" id="StyleBoxFlat_0xm2m"]
bg_color = Color(0.08468992, 0.08468994, 0.08468988, 1)
border_width_left = 18
border_width_top = 16
border_width_right = 18
border_width_bottom = 38
border_color = Color(0.19973177, 0.19973174, 0.19973174, 1)
corner_radius_top_left = 5
corner_radius_top_right = 5
corner_radius_bottom_right = 5
corner_radius_bottom_left = 5
shadow_size = 4
shadow_offset = Vector2(0, 1)

[sub_resource type="BoxShape3D" id="BoxShape3D_7dm0k"]
size = Vector3(0.6, 0.5, 0.7)

[sub_resource type="BoxMesh" id="BoxMesh_7dm0k"]
size = Vector3(0.6, 0.5, 0.7)

[sub_resource type="Curve" id="Curve_0xm2m"]
_data = [Vector2(0, 0), 0.0, 0.0, 0, 0, Vector2(0.50242716, 1), 0.0, 0.0, 0, 0, Vector2(1, 0), 0.0, 0.0, 0, 0]
point_count = 3

[sub_resource type="CurveTexture" id="CurveTexture_h2yge"]
curve = SubResource("Curve_0xm2m")

[sub_resource type="ParticleProcessMaterial" id="ParticleProcessMaterial_h2yge"]
emission_shape = 3
emission_box_extents = Vector3(5, 5, 5)
initial_velocity_min = 0.01
initial_velocity_max = 0.01
gravity = Vector3(0, 0, 0)
scale_curve = SubResource("CurveTexture_h2yge")

[sub_resource type="StandardMaterial3D" id="StandardMaterial3D_0xm2m"]
billboard_mode = 1
billboard_keep_scale = true
proximity_fade_distance = 0.5

[sub_resource type="QuadMesh" id="QuadMesh_h2yge"]
material = SubResource("StandardMaterial3D_0xm2m")
size = Vector2(0.01, 0.01)

[sub_resource type="Gradient" id="Gradient_7dm0k"]
offsets = PackedFloat32Array(0.10209424, 0.2853403, 0.8375706, 0.99293786)
colors = PackedColorArray(0, 0, 0, 1, 0.15127608, 0.15127608, 0.15127608, 1, 0.71, 0.60776, 0.53959996, 1, 0.5047527, 0.5024661, 0.37283012, 1)

[sub_resource type="FastNoiseLite" id="FastNoiseLite_ig7tw"]
noise_type = 3
fractal_type = 2
domain_warp_enabled = true
domain_warp_type = 2
domain_warp_amplitude = 50.0
domain_warp_frequency = 0.001

[sub_resource type="NoiseTexture2D" id="NoiseTexture2D_0xm2m"]
noise = SubResource("FastNoiseLite_ig7tw")
color_ramp = SubResource("Gradient_7dm0k")
seamless = true

[sub_resource type="StandardMaterial3D" id="StandardMaterial3D_h2yge"]
albedo_texture = SubResource("NoiseTexture2D_0xm2m")
uv1_scale = Vector3(0.3, 0.3, 0.3)
uv1_triplanar = true

[sub_resource type="Environment" id="Environment_7dm0k"]
background_mode = 1
ambient_light_source = 2
ambient_light_color = Color(1, 1, 1, 1)
ambient_light_energy = 0.0
fog_light_color = Color(0.10766358, 0.16795126, 0.18567947, 1)
fog_density = 0.2351
fog_sky_affect = 0.8

[sub_resource type="StyleBoxFlat" id="StyleBoxFlat_h2yge"]
bg_color = Color(0, 0, 0, 1)

[node name="Main" type="Node3D"]
script = ExtResource("1_ig7tw")

[node name="Panel" type="Panel" parent="."]
anchors_preset = 15
anchor_right = 1.0
anchor_bottom = 1.0
grow_horizontal = 2
grow_vertical = 2
theme_override_styles/panel = SubResource("StyleBoxTexture_lquwl")

[node name="AspectRatioContainer" type="AspectRatioContainer" parent="."]
anchors_preset = 15
anchor_right = 1.0
anchor_bottom = 1.0
offset_left = 39.0
offset_top = 38.0
offset_right = -525.0
offset_bottom = -28.0
grow_horizontal = 2
grow_vertical = 2
ratio = 1.333
alignment_horizontal = 2

[node name="Panel" type="Panel" parent="AspectRatioContainer"]
layout_mode = 2
theme_override_styles/panel = SubResource("StyleBoxFlat_0xm2m")

[node name="Label" type="Label" parent="AspectRatioContainer/Panel"]
layout_mode = 1
anchors_preset = 12
anchor_top = 1.0
anchor_right = 1.0
anchor_bottom = 1.0
offset_top = -36.0
offset_bottom = -2.0
grow_horizontal = 2
grow_vertical = 0
theme_override_colors/font_color = Color(0.058420584, 0.058420606, 0.058420576, 1)
theme_override_colors/font_shadow_color = Color(0, 0, 0, 1)
theme_override_constants/shadow_offset_x = 0
theme_override_constants/shadow_offset_y = -1
theme_override_constants/shadow_outline_size = 1
theme_override_font_sizes/font_size = 24
text = "OMNI-VIZ TECHNOLOGY"
horizontal_alignment = 1
vertical_alignment = 2

[node name="MarginContainer" type="MarginContainer" parent="AspectRatioContainer"]
layout_mode = 2
theme_override_constants/margin_left = 20
theme_override_constants/margin_top = 20
theme_override_constants/margin_right = 20
theme_override_constants/margin_bottom = 40

[node name="SubViewportContainer" type="SubViewportContainer" parent="AspectRatioContainer/MarginContainer"]
layout_mode = 2
stretch = true

[node name="SubViewport" type="SubViewport" parent="AspectRatioContainer/MarginContainer/SubViewportContainer"]
handle_input_locally = false
size = Vector2i(1311, 954)
render_target_update_mode = 4

[node name="ROV" type="RigidBody3D" parent="AspectRatioContainer/MarginContainer/SubViewportContainer/SubViewport"]
unique_name_in_owner = true
transform = Transform3D(1, 0, 0, 0, 1, 0, 0, 0, 1, 0, 0, 0.6220856)
gravity_scale = 0.0
linear_damp = 2.0
angular_damp = 2.0

[node name="CollisionShape3D" type="CollisionShape3D" parent="AspectRatioContainer/MarginContainer/SubViewportContainer/SubViewport/ROV"]
shape = SubResource("BoxShape3D_7dm0k")

[node name="MeshInstance3D" type="MeshInstance3D" parent="AspectRatioContainer/MarginContainer/SubViewportContainer/SubViewport/ROV"]
mesh = SubResource("BoxMesh_7dm0k")

[node name="Camera3D" type="Camera3D" parent="AspectRatioContainer/MarginContainer/SubViewportContainer/SubViewport/ROV"]
transform = Transform3D(1, 0, 0, 0, 1, 0, 0, 0, 1, 0, 0, -0.2)
far = 20.0

[node name="SpotLight3D" type="SpotLight3D" parent="AspectRatioContainer/MarginContainer/SubViewportContainer/SubViewport/ROV"]
transform = Transform3D(0.96592575, 0.044943463, -0.25488696, -0.022557562, 0.99567896, 0.09008043, 0.25783417, -0.0812614, 0.96276575, 0.3, 0.1, -0.3)
shadow_enabled = true
shadow_bias = 0.2
spot_range = 7.0
spot_attenuation = 1.5
spot_angle_attenuation = 0.6597543

[node name="SpotLight3D2" type="SpotLight3D" parent="AspectRatioContainer/MarginContainer/SubViewportContainer/SubViewport/ROV"]
transform = Transform3D(0.96592575, -0.044943463, 0.25488696, 0.022557562, 0.99567896, 0.09008043, -0.25783417, -0.0812614, 0.96276575, -0.3, 0.1, -0.3)
shadow_enabled = true
shadow_bias = 0.2
spot_range = 7.0
spot_attenuation = 1.5
spot_angle_attenuation = 0.6597543

[node name="MarineSnow" type="GPUParticles3D" parent="AspectRatioContainer/MarginContainer/SubViewportContainer/SubViewport/ROV"]
transform = Transform3D(1, 0, 0, 0, 1, 0, 0, 0, 1, 0, -0.10853052, 0)
amount = 1000
lifetime = 10.0
preprocess = 10.0
fixed_fps = 0
process_material = SubResource("ParticleProcessMaterial_h2yge")
draw_pass_1 = SubResource("QuadMesh_h2yge")

[node name="GPUParticlesAttractorSphere3D" type="GPUParticlesAttractorSphere3D" parent="AspectRatioContainer/MarginContainer/SubViewportContainer/SubViewport/ROV/MarineSnow"]
strength = 0.1
attenuation = 3.732149
radius = 10.0

[node name="GPUParticlesAttractorSphere3D2" type="GPUParticlesAttractorSphere3D" parent="AspectRatioContainer/MarginContainer/SubViewportContainer/SubViewport/ROV/MarineSnow"]
strength = -2.0
attenuation = 0.75786155
radius = 0.8

[node name="CSGCombiner3D" type="CSGCombiner3D" parent="."]
material_override = SubResource("StandardMaterial3D_h2yge")
use_collision = true

[node name="Ground" type="CSGBox3D" parent="CSGCombiner3D"]
transform = Transform3D(1, 0, 0, 0, 1, 0, 0, 0, 1, 0, -5.4451904, 0)
size = Vector3(49.838867, 9.890381, 67.37109)

[node name="Rock1" type="CSGBox3D" parent="CSGCombiner3D"]
transform = Transform3D(0.96493864, 0.25441852, -0.06453372, -0.2624755, 0.93531877, -0.23724532, 0, 0.2458657, 0.9693039, -2.7181761, -1.5324919, -3.855924)
size = Vector3(5.5664063, 3.3100586, 10)

[node name="Rock2" type="CSGBox3D" parent="CSGCombiner3D"]
transform = Transform3D(0.26807705, -0.16550495, -0.9490748, -0.2624755, 0.93531877, -0.2372453, 0.92695266, 0.31270888, 0.20729652, 1.3742592, -2.5555258, -2.850103)
size = Vector3(9.206543, 4.158203, 10)

[node name="Rock3" type="CSGBox3D" parent="CSGCombiner3D"]
transform = Transform3D(0.26807705, -0.16550493, -0.9490748, -0.9223227, 0.24049678, -0.3024598, 0.27830803, 0.95643574, -0.08817728, -0.25341797, -2.7194328, -12.957159)
size = Vector3(5, 15.067627, 13.314941)

[node name="Rock4" type="CSGBox3D" parent="CSGCombiner3D"]
transform = Transform3D(-0.37582538, -0.8292898, -0.413562, -0.9041523, 0.23031794, 0.35980853, -0.20313472, 0.50914824, -0.8363638, 9.751269, -3.1773727, -8.143629)
size = Vector3(5, 15.877563, 13.314941)

[node name="Rock5" type="CSGBox3D" parent="CSGCombiner3D"]
transform = Transform3D(-0.1541226, 0.6166698, -0.77198756, -0.9036014, 0.22809151, 0.36259997, 0.39968815, 0.75345373, 0.52206963, -2.9088078, -4.558675, -19.131187)
size = Vector3(5, 15.877563, 13.314941)

[node name="VerticalTunnel1" type="CSGBox3D" parent="CSGCombiner3D"]
transform = Transform3D(-0.117995046, -0.9901989, 0.074720606, -0.7672291, 0.0431367, -0.6399209, 0.6304258, -0.13283539, -0.76479954, 0.29033694, -1.5353963, -5.323491)
operation = 2
size = Vector3(3.6622314, 1.8026123, 13.275848)

[node name="Tunnel1" type="CSGBox3D" parent="CSGCombiner3D"]
transform = Transform3D(0.99877095, 0, -0.049564485, 0, 1, 0, 0.049564485, 0, 0.99877095, 0, -5.942859, -1.3952637)
operation = 2
size = Vector3(3, 3, 21.790527)

[node name="Tunnel2" type="CSGBox3D" parent="CSGCombiner3D"]
transform = Transform3D(1, 0, 0, 0, 1, 0, 0, 0, 1, 6, -5.942859, 0)
operation = 2
size = Vector3(3, 3, 19)

[node name="Tunnel3" type="CSGBox3D" parent="CSGCombiner3D"]
transform = Transform3D(1, 0, 0, 0, 1, 0, 0, 0, 1, -6, -5.942859, 0)
operation = 2
size = Vector3(3, 3, 19)

[node name="Tunnel4" type="CSGBox3D" parent="CSGCombiner3D"]
transform = Transform3D(0.25881907, 0, 0.9659258, 0, 1, 0, -0.9659258, 0, 0.25881907, 2.5028517, -5.942859, 5.473281)
operation = 2
size = Vector3(3, 3, 19)

[node name="Tunnel5" type="CSGBox3D" parent="CSGCombiner3D"]
transform = Transform3D(0.25881907, 0, 0.9659258, 0, 1, 0, -0.9659258, 0, 0.25881907, -2.876167, -5.942859, -2.0501785)
operation = 2
size = Vector3(3, 3, 19)

[node name="Tunnel6" type="CSGBox3D" parent="CSGCombiner3D"]
transform = Transform3D(-0.027764603, 0, 0.9996145, 0, 1, 0, -0.9996145, 0, -0.027764603, -2.876167, -5.942859, -10.612553)
operation = 2
size = Vector3(3, 3, 19)

[node name="WorldEnvironment" type="WorldEnvironment" parent="."]
environment = SubResource("Environment_7dm0k")

[node name="Ambiance" type="AudioStreamPlayer" parent="."]
unique_name_in_owner = true
stream = ExtResource("2_0xm2m")
volume_db = -5.0
autoplay = true

[node name="Station" parent="." instance=ExtResource("3_h2yge")]
transform = Transform3D(1, 0, 0, 0, 1, 0, 0, 0, 1, 0, -0.50487494, 0.08992851)

[node name="EnergyBar" type="ProgressBar" parent="."]
unique_name_in_owner = true
anchors_preset = 6
anchor_left = 1.0
anchor_top = 0.5
anchor_right = 1.0
anchor_bottom = 0.5
offset_left = -389.0
offset_top = -466.0
offset_right = -31.0
offset_bottom = -439.0
grow_horizontal = 0
grow_vertical = 2
value = 100.0

[node name="EnergyLabel" type="Label" parent="."]
anchors_preset = 6
anchor_left = 1.0
anchor_top = 0.5
anchor_right = 1.0
anchor_bottom = 0.5
offset_left = -476.0
offset_top = -463.0
offset_right = -423.0
offset_bottom = -440.0
grow_horizontal = 0
grow_vertical = 2
text = "Energy"

[node name="LossScreen" type="Panel" parent="."]
unique_name_in_owner = true
visible = false
modulate = Color(0, 0, 0, 0)
anchors_preset = 15
anchor_right = 1.0
anchor_bottom = 1.0
grow_horizontal = 2
grow_vertical = 2
theme_override_styles/panel = SubResource("StyleBoxFlat_h2yge")

[connection signal="dock_entered" from="Station" to="." method="_on_station_dock_entered"]
[connection signal="dock_exited" from="Station" to="." method="_on_station_dock_exited"]
